# Created by Octave 4.2.1, Fri Apr 28 18:20:08 2017 GMT <unknown@unknown>
# name: ans
# type: scalar
2.484906649788


# name: t
# type: matrix
# rows: 1
# columns: 11
 144 202 216 216 222 64 174 222 228 216 200


